Id,SalePrice
1461,130012.43017310288
1462,159706.69395926426
1463,191349.07723138755
1464,191821.20100707747
1465,189920.27115152226
1466,179524.2478780233
1467,176387.28348833873
1468,169002.96129262904
1469,183423.04916073952
1470,125447.31650439471
1471,197020.88977507144
1472,96814.59007607195
1473,101148.36883012054
1474,151864.04189051877
1475,111504.643264061
1476,399811.82747092366
1477,252068.88853527623
1478,294099.5818700404
1479,284409.07062255347
1480,465018.16423823015
1481,300937.0734876958
1482,200964.12655214884
1483,181646.69508585392
1484,169614.85213525157
1485,175125.13544735845
1486,193183.8352930655
1487,358020.8291066299
1488,240580.31589751397
1489,205130.19943087228
1490,215603.06878864276
1491,187765.2092902036
1492,101928.45836172579
1493,166288.59093387536
1494,290381.3672971695
1495,285565.40267052065
1496,224443.2873121245
1497,178546.67243566283
1498,160647.0351809773
1499,158095.66868111183
1500,157153.91555965884
1501,176221.45958042797
1502,162952.55372086668
1503,313649.55212509946
1504,229705.24760233136
1505,217735.57832798763
1506,176771.8849967197
1507,265474.90551771113
1508,189469.00394875978
1509,159490.53713971644
1510,147773.09597260391
1511,146442.9426419726
1512,176636.3240373561
1513,147915.44047952662
1514,159902.8127290513
1515,203915.79578914744
1516,153497.41947101356
1517,158694.74910044885
1518,134104.016826782
1519,223122.6712707875
1520,132318.09952553932
1521,129770.52010537166
1522,165450.21861462237
1523,109983.1902350828
1524,121629.10908359833
1525,128351.69671014234
1526,121334.06629122255
1527,101959.99801846985
1528,128344.77436797481
1529,146961.43767758965
1530,166592.72893025473
1531,124656.74468895636
1532,103431.50569920734
1533,138217.74676019637
1534,122053.21237155171
1535,155134.44394055835
1536,112088.97678400426
1537,90160.57498208672
1538,163182.11163723932
1539,218648.7670775523
1540,117482.66255936233
1541,136018.7447277921
1542,136780.03437596562
1543,208170.71369886427
1544,78082.68353171725
1545,105007.87669148836
1546,128189.56513705685
1547,128172.42593248446
1548,132196.4190090697
1549,120134.52431612673
1550,139608.45111771228
1551,110821.78789699153
1552,134604.34633902815
1553,161355.35604709887
1554,115906.01310294247
1555,172248.20781319548
1556,81517.83949442838
1557,112787.16447314675
1558,95397.61629839803
1559,96125.53233704656
1560,130682.12709981074
1561,159957.43617133424
1562,130354.51244573179
1563,120734.15748039923
1564,161253.1575989955
1565,150452.4064893423
1566,229554.73130088652
1567,78239.30773528217
1568,216179.56092706957
1569,147688.03924775575
1570,142769.91147986864
1571,127576.80747442796
1572,151549.3561124217
1573,268325.3855733463
1574,132540.77674304444
1575,200855.39051399205
1576,230118.57023990923
1577,203698.74405133727
1578,159040.24768100877
1579,154717.84920773216
1580,193286.88480031988
1581,149814.3907450787
1582,132449.17000324372
1583,344310.2821290169
1584,237137.67207573738
1585,145763.52102046303
1586,74595.75482482593
1587,98623.89068280796
1588,149409.45339080913
1589,96775.04721059641
1590,133996.71097500075
1591,95182.11943809276
1592,127356.51472962862
1593,137505.66852943788
1594,127668.92982037683
1595,107427.89642359776
1596,253846.4414034055
1597,191838.67936547278
1598,197837.44867706022
1599,183896.38584720128
1600,174529.69086077862
1601,65753.68981503186
1602,114070.84174119816
1603,79488.788275469
1604,267822.50451438455
1605,241505.2406275026
1606,168623.43289804886
1607,167401.8710682044
1608,201313.79867247888
1609,186863.41903258112
1610,152667.27942924868
1611,145228.4369364478
1612,176199.6338815669
1613,169960.9354852745
1614,123725.04848205239
1615,87787.7373100157
1616,72420.53173282454
1617,88884.45338752367
1618,123125.70223519467
1619,145693.39638575088
1620,172654.00085667294
1621,137726.19881603835
1622,139928.19317519868
1623,281525.59795169317
1624,208721.92686299054
1625,129766.78524450067
1626,155330.4348489666
1627,191828.11177406038
1628,266612.4743190882
1629,169775.84617099166
1630,345319.8493282677
1631,206641.67233331478
1632,238830.0249496523
1633,165529.81411610811
1634,187715.19784646464
1635,179672.0586295125
1636,162754.2567413278
1637,186811.04288310712
1638,189137.36256351424
1639,186835.43925033283
1640,267811.8342465552
1641,168131.55963098127
1642,228213.72250872938
1643,221000.83532653004
1644,230002.17787759213
1645,189618.52130480405
1646,155210.94460719117
1647,165551.34414133333
1648,137178.89672203324
1649,137986.14908735928
1650,112157.87734727454
1651,119084.6777866024
1652,94534.68427970445
1653,93672.74040915823
1654,144037.63377342874
1655,144719.3107098423
1656,147014.6824633779
1657,145737.1345963231
1658,146746.68344122425
1659,118242.21088901263
1660,162352.35079135819
1661,464278.0127180253
1662,406618.9583383027
1663,390411.72160116583
1664,443873.51548850175
1665,313982.9364390874
1666,328640.29606679047
1667,358813.6336862596
1668,339944.98592252366
1669,309311.6914574644
1670,365495.6528412857
1671,258070.95692669618
1672,446347.36581431126
1673,290401.0564611001
1674,250112.83077503962
1675,196328.6564304906
1676,196138.4682498621
1677,212507.6850696573
1678,473449.9860606271
1679,387111.3007645504
1680,344477.36489582097
1681,258230.17156764562
1682,295528.22692933376
1683,188178.64990601112
1684,168490.34018132393
1685,174065.3449458427
1686,167561.84734159385
1687,165722.54393971196
1688,180783.9065619106
1689,188046.04743002294
1690,182244.60821208038
1691,179421.18699692143
1692,250272.31762429868
1693,167831.45822735512
1694,176784.35384040955
1695,163323.3178372343
1696,279408.2326896355
1697,171302.2372733013
1698,350607.89182265813
1699,335428.9949172354
1700,246344.76897719107
1701,257608.65377250846
1702,252745.77877875336
1703,257484.7652151204
1704,281733.75187155296
1705,222413.69559448422
1706,455546.4782737526
1707,210796.365530024
1708,219294.78588974744
1709,287359.08297126216
1710,212731.73481797174
1711,258995.51058686667
1712,274623.8414269922
1713,274992.51252599864
1714,223714.64682654702
1715,205332.89879172473
1716,185789.00771861532
1717,163091.80973348272
1718,137702.94154075952
1719,200068.05682827422
1720,242065.08889365898
1721,170655.13286789408
1722,133398.78885735045
1723,152661.75200300466
1724,213207.85195170852
1725,236679.38222444238
1726,185056.73553273527
1727,170400.77647583143
1728,178200.3468339792
1729,171413.2222909637
1730,169561.34153103374
1731,125774.46715758984
1732,140468.3502461036
1733,128135.7154466233
1734,122127.30032587031
1735,134169.80992883389
1736,116088.67609228565
1737,338307.14120308444
1738,207884.72193409287
1739,292519.16241876245
1740,253923.4669373955
1741,207895.22136556185
1742,169673.98710711897
1743,172101.82212216427
1744,276806.3051944561
1745,212950.6074713964
1746,199054.50879052375
1747,233160.38301789886
1748,217529.79259821595
1749,154974.63702203296
1750,126416.15381570459
1751,231076.81966594237
1752,122849.98118877596
1753,149841.16602726871
1754,187385.5544927687
1755,171150.41778092008
1756,124496.35340027935
1757,125267.88924252827
1758,153200.0339989809
1759,152146.0269300581
1760,165296.80505350642
1761,145361.34818030684
1762,173773.42616848243
1763,168482.63379929963
1764,115720.0306540421
1765,169672.46285264485
1766,174242.9561622164
1767,215221.37046094774
1768,141788.57068282354
1769,193944.12931091603
1770,144828.78313953106
1771,130076.66649141103
1772,132880.33189461142
1773,126769.29181558378
1774,141553.6830831009
1775,133767.68005469628
1776,129220.92935743647
1777,114785.28543911946
1778,137903.7300898334
1779,121754.9915188172
1780,165033.65866519054
1781,135226.9785177067
1782,84393.92178396562
1783,139349.2286505685
1784,100162.01520583661
1785,119443.08413619566
1786,131687.45555510485
1787,170351.85862785607
1788,55638.817645644216
1789,107769.5524287087
1790,82681.11011988051
1791,193850.6290696823
1792,149077.93214648674
1793,129719.11278843415
1794,144674.3513954144
1795,130020.87575727917
1796,131355.63708811026
1797,112864.1077630992
1798,125431.58936139301
1799,113407.37006391751
1800,129297.91815542629
1801,122789.14930994019
1802,128750.56575200212
1803,153806.59884951913
1804,154443.41045340238
1805,135613.6697734972
1806,120715.92404582184
1807,128461.40779393741
1808,119820.4432234853
1809,112567.82901666229
1810,146782.241720639
1811,109498.02822433371
1812,96186.64984171979
1813,127554.57110339118
1814,101022.51580066065
1815,49087.671502268924
1816,92201.9829431969
1817,107783.37188224764
1818,157722.47032899735
1819,138085.7275070033
1820,49320.96040511509
1821,108556.40340370967
1822,141292.87230366748
1823,26567.159340583017
1824,145986.19982420112
1825,149358.35151830516
1826,105398.79537721438
1827,107514.8622628931
1828,152880.19379504892
1829,110492.72830574561
1830,138250.27409952678
1831,153267.59762944464
1832,90857.51013721878
1833,141689.80056399427
1834,124258.57259694395
1835,133532.67036979625
1836,120465.20073025115
1837,88534.75472173332
1838,125181.20062452061
1839,98397.37435977883
1840,164861.23363019052
1841,152930.5047295287
1842,83357.90062936734
1843,141538.73206613405
1844,134498.1059229191
1845,140022.86238995375
1846,148827.41902015937
1847,171338.44409559458
1848,57074.26355621116
1849,112049.03648738476
1850,122824.85765514393
1851,156925.16430066928
1852,130708.86980327591
1853,130533.00547947428
1854,182463.70507399362
1855,148317.62665688887
1856,213262.54395153312
1857,144921.89412207948
1858,125048.81215907479
1859,116559.23530045866
1860,147766.9566897811
1861,116559.23530045866
1862,312212.34812327445
1863,310602.5387026947
1864,310602.5387026947
1865,349345.4806184773
1866,337413.5202268749
1867,233918.46572779317
1868,302198.2201021224
1869,213101.79857210082
1870,237312.0858895
1871,236105.60878157907
1872,175792.6337448476
1873,223456.80300036722
1874,156955.10269503808
1875,206271.5920301244
1876,195253.0319334994
1877,208901.68023406522
1878,186391.98278906223
1879,135945.57209504317
1880,147822.51758386908
1881,239829.26828978938
1882,250955.3493069107
1883,191086.26818396396
1884,203886.75700950134
1885,243076.14583033673
1886,288115.9388532732
1887,208390.86343652755
1888,294540.63518039306
1889,170813.1614669636
1890,131614.935699596
1891,137384.98105575476
1892,110732.36203559137
1893,135644.06047972932
1894,129776.61154299663
1895,137320.42161312004
1896,130429.56535719034
1897,124039.68167953531
1898,109671.12871896951
1899,151072.09917446692
1900,133313.81125698605
1901,168001.25754072628
1902,146314.9601167537
1903,210152.83053788688
1904,147136.02317364063
1905,184623.62636862838
1906,176222.83971684508
1907,191516.65855950367
1908,116498.66335032851
1909,136257.5908921001
1910,125788.17574626693
1911,210297.44846369594
1912,292767.36496845033
1913,143664.30554102163
1914,53962.83891358586
1915,322029.42620557896
1916,63671.78233506315
1917,252194.39681475796
1918,138566.12942592084
1919,170782.79756876515
1920,163460.40360374216
1921,453325.5186244301
1922,346445.01615182945
1923,213115.8680483855
1924,224300.21236358327
1925,206391.52606028313
1926,397041.6756673502
1927,138351.44840171761
1928,166392.66619680542
1929,123618.24054680829
1930,144975.08383785866
1931,156134.39041017377
1932,138608.54151926292
1933,184366.94905477882
1934,182099.8271253059
1935,175439.6257495868
1936,184619.4735467727
1937,176104.75104084585
1938,181904.83756072065
1939,235265.46033711682
1940,191476.1901870683
1941,178099.15317013793
1942,187644.777025443
1943,195996.17564400297
1944,339691.6776905961
1945,378876.6754124652
1946,147719.69373553732
1947,308746.16244250926
1948,166280.8779896262
1949,251576.17860140261
1950,181966.9039743501
1951,249129.101899069
1952,209480.26143990102
1953,173773.3200861152
1954,192540.70576319483
1955,131465.95088151193
1956,290356.3731538674
1957,155152.36590073805
1958,315110.9100284878
1959,138247.88977991696
1960,113125.10981054106
1961,120764.12485232712
1962,96981.90386241714
1963,104318.4858694664
1964,115966.48700288266
1965,142425.77735570405
1966,144832.5808670487
1967,299049.9562467621
1968,429757.33511178463
1969,383140.5311779316
1970,449395.6040824679
1971,440488.11874053755
1972,387216.0102863521
1973,259148.42230231606
1974,334480.6618433224
1975,417223.7525895758
1976,267943.0857215401
1977,363272.90231319267
1978,342786.1246055886
1979,356190.5025916552
1980,196505.28462016498
1981,348816.406691375
1982,213393.42739879736
1983,199777.8594239504
1984,167725.22991164337
1985,215079.66132243385
1986,203605.81361527654
1987,173935.43232878827
1988,175482.03890845244
1989,188237.95670741628
1990,217754.4653687282
1991,239560.69716500366
1992,214691.14849615074
1993,167042.46148468688
1994,245198.6089253382
1995,182532.27873467555
1996,252990.57214549926
1997,305772.30358357675
1998,322639.2237111747
1999,251565.51878614625
2000,306446.70350487705
2001,262945.84710803867
2002,253696.974745592
2003,257664.8460477605
2004,278680.78103612555
2005,207127.3955754665
2006,215406.79907611376
2007,238799.96752878066
2008,213290.3311565215
2009,191548.5687859138
2010,195965.49775917004
2011,140963.0854547681
2012,179317.54957270712
2013,183046.50130448086
2014,190654.57370978958
2015,197044.62765262416
2016,198977.63638277235
2017,194339.17569336045
2018,122695.24704648388
2019,136692.4939211589
2020,109345.23013001757
2021,113351.16071867502
2022,168686.58304585246
2023,131579.16844763
2024,267392.1355851121
2025,341766.37324618193
2026,170944.4513477323
2027,156888.9684638625
2028,152449.5261204727
2029,169547.5512553802
2030,275241.1984113163
2031,235197.8010900127
2032,269733.3006455176
2033,264695.92742103856
2034,166684.5543414673
2035,209029.2343430695
2036,190733.50950559726
2037,205915.8584271735
2038,304259.52502617793
2039,211683.35428947312
2040,301891.9853927591
2041,280227.9457340089
2042,199386.46844884264
2043,164034.90653490907
2044,152085.60668771586
2045,197035.57533531313
2046,140618.64134493726
2047,147286.30471812488
2048,140779.3007414167
2049,135249.25529798752
2050,170725.85873139073
2051,102936.42669383675
2052,126563.1076968838
2053,146047.17169245824
2054,89178.10355820294
2055,167261.4425853811
2056,149451.5632068956
2057,118565.55815404882
2058,225354.1410068962
2059,132192.96586635732
2060,176591.0296427845
2061,173744.50799518975
2062,128734.36581858275
2063,111038.39463504773
2064,143399.0036766858
2065,132328.25215770755
2066,172842.99061061075
2067,127660.0201319746
2068,134706.1944927318
2069,89539.17283329152
2070,111618.43163864882
2071,93585.52187521495
2072,128066.42923847024
2073,140307.75386500882
2074,189727.57719734506
2075,139757.1710584762
2076,121863.78807152901
2077,147971.6717786143
2078,127673.0573573894
2079,130875.80468983157
2080,116708.16782717171
2081,124138.81568382961
2082,122225.41597540349
2083,137765.49284799132
2084,113976.72918083305
2085,120618.48891145964
2086,131745.0028965815
2087,116816.61794311591
2088,102850.78645087342
2089,72458.37259377072
2090,122944.46375456385
2091,130506.75554259005
2092,126395.5228565892
2093,129480.54184224934
2094,116950.17303432652
2095,153983.05868432974
2096,78232.8665157283
2097,91646.32208589217
2098,147888.12778816334
2099,61572.15565338971
2100,95285.21203141395
2101,111267.21321505214
2102,118254.03039076587
2103,103565.9752915633
2104,127126.25725281693
2105,136611.4683697903
2106,76240.91330953839
2107,216015.9693140135
2108,113360.67901886006
2109,110404.57006520551
2110,143866.48506295375
2111,154269.8076748629
2112,147533.53655847005
2113,119395.35564415387
2114,113712.52166955362
2115,157902.08506040543
2116,124342.34446305204
2117,152721.5010200359
2118,131424.01864249454
2119,108711.1852004557
2120,115949.22943335521
2121,82209.57507914837
2122,113013.70649182086
2123,101214.82114819907
2124,170685.151453744
2125,120228.575905327
2126,151566.26949541437
2127,148100.02004042943
2128,127708.90185241154
2129,102958.49169548425
2130,139730.90289297927
2131,130707.36337555935
2132,116247.88347361328
2133,128064.00919782203
2134,129017.4049799599
2135,97023.61153072103
2136,83830.21440801848
2137,116517.21410253661
2138,125458.0000725392
2139,148082.1302425187
2140,140675.18078042107
2141,142958.70057665036
2142,124156.92493495354
2143,138772.416259776
2144,125334.07836539549
2145,136725.84866120594
2146,162840.0343118842
2147,151341.7292106878
2148,140659.62752049256
2149,158779.7045412478
2150,220944.80118555092
2151,106494.6854702903
2152,180468.39290747838
2153,179729.37558094744
2154,106552.00364699855
2155,134599.8447494807
2156,304860.28694867337
2157,229345.00008260453
2158,247050.47816878083
2159,213675.44259407363
2160,171494.5467288213
2161,246854.26346435244
2162,391424.80065488024
2163,358626.51929054654
2164,234518.15818226247
2165,203787.70962212974
2166,153883.12576793434
2167,229644.15741023235
2168,201547.27468255392
2169,193410.10789417019
2170,217339.99769706556
2171,157562.09840107532
2172,146929.359214183
2173,157990.42159025118
2174,240373.9090185373
2175,292769.74133118143
2176,334168.9361335451
2177,252447.2643102668
2178,211719.81162318186
2179,142968.53177077862
2180,245219.5502651637
2181,194509.7433491024
2182,228727.5022805609
2183,194252.1510238759
2184,124949.08181390315
2185,120237.57980294435
2186,139404.42617666186
2187,154387.94549251755
2188,157266.52206250618
2189,254224.2836994508
2190,83491.90898505678
2191,80826.57029004302
2192,87600.78428454712
2193,113481.30882994062
2194,91625.85378371937
2195,110520.62384874493
2196,100465.35720503199
2197,128349.87551388516
2198,157255.67536552064
2199,177345.3725770702
2200,139541.94566650933
2201,138805.87371335772
2202,196653.4728397749
2203,148479.32167427771
2204,177171.6741488164
2205,109994.44853842366
2206,141672.87030806928
2207,252958.34700756296
2208,241983.5514792707
2209,216203.67284584875
2210,122923.00479516324
2211,121829.44792879018
2212,116736.91174078554
2213,101165.3676334598
2214,139283.51170146148
2215,104101.98151871837
2216,140709.758625723
2217,95751.40356495991
2218,66474.00845516045
2219,59280.09512091197
2220,62475.815704112814
2221,327848.33728051936
2222,253588.3571431522
2223,309647.3101602616
2224,212075.26977422097
2225,127460.55998770383
2226,218622.80526413722
2227,204539.81918736256
2228,276680.0622384326
2229,245413.1454848011
2230,156738.5825311322
2231,206374.08021509196
2232,186578.24785686043
2233,179400.50293419725
2234,242369.38599162098
2235,244615.56475291512
2236,271045.68006983644
2237,338937.2507911572
2238,200837.3710614884
2239,115963.52810464642
2240,161083.96194658862
2241,172732.40841671856
2242,131696.60104184193
2243,125369.47254367058
2244,105366.82389453737
2245,113826.98635601773
2246,144717.57352083802
2247,113498.2699326643
2248,127224.878790246
2249,125367.9737205021
2250,138315.89829787536
2251,133194.26930466457
2252,169819.67868539883
2253,158716.81737576413
2254,178182.69945958426
2255,195113.17140356608
2256,177398.111246668
2257,214206.42523202742
2258,162883.1839741968
2259,177854.0549929248
2260,159778.19385416067
2261,178984.0064200939
2262,202478.22089977225
2263,354806.7708377921
2264,494723.5786709144
2265,174389.40118813398
2266,287432.1268221644
2267,368859.37705139094
2268,419790.70378454815
2269,157365.15384317777
2270,182331.7626242486
2271,226258.06612171262
2272,196577.78662021027
2273,164317.03972594076
2274,175679.915123905
2275,167859.32937315552
2276,179303.58978472676
2277,175432.87708214027
2278,153798.2898087474
2279,120054.17130299415
2280,122048.16710968707
2281,179345.0063512823
2282,192364.00968070657
2283,100212.47942169527
2284,109029.64707371987
2285,137663.3253310993
2286,124410.18318592165
2287,351139.4189408435
2288,260561.3499478101
2289,384818.1833154415
2290,461079.3117356861
2291,332922.5932645012
2292,424661.07795157435
2293,476832.7859059203
2294,384288.44548474636
2295,473979.50484924426
2296,304743.6403624025
2297,323484.2711368847
2298,324935.3491854894
2299,377654.3942559393
2300,345092.44208682765
2301,297684.27189599164
2302,243504.2759838442
2303,245313.19768569962
2304,250753.97138663882
2305,193299.1494664139
2306,190046.3409017176
2307,190683.30885264045
2308,219967.4941745906
2309,275815.18579759955
2310,200004.55836722854
2311,198328.08733103666
2312,179241.2053217909
2313,172294.91250351662
2314,174328.47649675686
2315,178044.35184663304
2316,187148.90982836395
2317,190131.26778035285
2318,179770.66271903107
2319,175090.3264237753
2320,199779.95202925886
2321,236746.13959624292
2322,172068.40792965324
2323,193533.96367456834
2324,166523.98138385388
2325,204937.66060251606
2326,165784.72634088664
2327,204971.32790578352
2328,227723.9201881374
2329,186494.39067116243
2330,182406.83097601114
2331,358650.81537388347
2332,364208.11339915986
2333,313651.4530094552
2334,251917.216621191
2335,256315.05285807388
2336,327774.3737661125
2337,216468.14305248007
2338,292673.9789684726
2339,221669.55975924447
2340,399027.34787289303
2341,237386.814168047
2342,234563.25011249748
2343,219364.42900734642
2344,216056.5606159965
2345,246786.7521404263
2346,203724.96439319133
2347,192995.43471819206
2348,238201.4714399509
2349,176519.51395783966
2350,303210.49192784156
2351,255917.7824214519
2352,246288.6061436959
2353,262980.58928561065
2354,134906.35522490373
2355,148625.19674874033
2356,144652.4097415739
2357,196425.36923709683
2358,199432.68658356465
2359,125718.94275566057
2360,117678.9834420677
2361,141676.8216278016
2362,278439.4995399046
2363,137530.7936697671
2364,153167.35828961633
2365,218695.62463647878
2366,183092.52805009927
2367,227298.8666009567
2368,215687.85729026765
2369,219406.5025368077
2370,168314.09074614165
2371,171710.90967852212
2372,187940.715137281
2373,283000.2533602659
2374,310110.5416297692
2375,252355.50414663067
2376,253342.7175785963
2377,380340.2904838652
2378,144996.08556933134
2379,188748.50509013483
2380,144704.60052755772
2381,163342.02192668885
2382,186382.7127173892
2383,206519.24256804137
2384,252028.9928219087
2385,160188.2398303872
2386,130385.96779931684
2387,135391.7315404795
2388,106022.72023661119
2389,130989.57933183173
2390,148724.1851714687
2391,150441.78326207842
2392,116920.53737199938
2393,169498.5514054336
2394,142373.1089844801
2395,196910.17200247807
2396,141792.06650795735
2397,203318.65594234597
2398,142759.99230925005
2399,57290.66066696542
2400,54805.65679006303
2401,107783.79194216059
2402,136334.12081427762
2403,137878.3025529273
2404,154999.12170612463
2405,156292.91546731823
2406,137784.2567911504
2407,125230.73163131652
2408,136681.5908895919
2409,128037.38602859425
2410,169257.29760292382
2411,123081.99523226047
2412,154987.2616172274
2413,130536.9283845738
2414,144682.31734418805
2415,133703.97513440647
2416,129483.05221072251
2417,131883.23062094903
2418,125878.25502083864
2419,116823.02048271683
2420,134721.01162589705
2421,145664.41390018875
2422,119169.9881483314
2423,129530.08494978398
2424,158190.48997240828
2425,247477.43639479976
2426,124842.89426492887
2427,131206.2078532767
2428,165917.75560070635
2429,116435.05959193043
2430,128292.83759334892
2431,118671.11848457946
2432,143266.1066973728
2433,147720.34147049548
2434,138855.83537559182
2435,146094.65021367383
2436,106321.68758396927
2437,108882.19249233938
2438,127701.62717234009
2439,110697.03140515885
2440,110528.82574902709
2441,95718.07790919884
2442,108975.25538529885
2443,123500.88648609465
2444,131552.74863127095
2445,71752.44413064029
2446,128642.56285054133
2447,196073.39352081125
2448,144003.30914859148
2449,99416.12212800878
2450,158050.408281065
2451,129906.2770937578
2452,202285.73750233665
2453,91115.42901285664
2454,123115.85612964827
2455,132096.92729444813
2456,137482.2375073299
2457,127453.60979085664
2458,127415.7096246289
2459,106817.79151854255
2460,134650.31115709592
2461,118325.5454439376
2462,138469.530505297
2463,120588.61799187928
2464,185690.173910529
2465,140268.28668014708
2466,114158.05148080461
2467,144213.44531431908
2468,85825.55910608765
2469,84814.87695712558
2470,186378.2536464972
2471,198008.53893120782
2472,165860.25210933608
2473,113573.65012642318
2474,88205.9206841147
2475,217250.93979044334
2476,110559.03944973326
2477,126133.7366926077
2478,150698.24428357117
2479,115835.9151503631
2480,146415.11189139244
2481,123805.21307768443
2482,127358.04976569487
2483,112276.60964779803
2484,123646.07007359552
2485,124446.99042565143
2486,165461.62923031187
2487,205587.98235001077
2488,164938.91690194598
2489,152707.56810256848
2490,154103.6751501397
2491,97768.70699080416
2492,179964.6328249333
2493,160187.00391831287
2494,149635.02476532393
2495,95043.59073889212
2496,251210.33462752908
2497,145646.6221051704
2498,121277.3617442237
2499,88946.7643979031
2500,130258.8229919489
2501,139405.9337158275
2502,145045.41357326327
2503,101611.20266357184
2504,161754.7317953074
2505,218878.69549813643
2506,264008.6814111309
2507,312534.5750532724
2508,262058.82646577898
2509,213707.31180833303
2510,225330.41294400487
2511,180392.3036276557
2512,203969.1458455001
2513,215314.98149562834
2514,267984.0523281921
2515,147482.01048795547
2516,173573.54639967883
2517,145606.3039246268
2518,151111.57797183952
2519,221081.47561406373
2520,200244.34645206996
2521,186036.5847649448
2522,215254.6152712985
2523,131926.55066972284
2524,126729.2750882996
2525,153252.39713157096
2526,132370.18133308526
2527,112385.63451912199
2528,143454.3399317134
2529,129175.24005540268
2530,126957.44211047192
2531,239246.93496565125
2532,219498.7280609788
2533,196578.5020196343
2534,229288.56368736355
2535,295021.7902727017
2536,242535.5822554374
2537,223290.8135382496
2538,183493.31417145894
2539,186505.53384389065
2540,180750.47357773522
2541,181268.54305826
2542,174300.39487663697
2543,129435.62112471736
2544,110486.22573014742
2545,138913.07416209736
2546,136625.2988752799
2547,135727.3842987146
2548,161639.97496784106
2549,161572.68411147583
2550,343289.1104738654
2551,144293.7271286472
2552,128030.98167875031
2553,81177.1324262593
2554,112513.48558664609
2555,128157.31325150924
2556,101575.15607967619
2557,110606.15077777201
2558,179933.89959805648
2559,131450.1152601644
2560,140348.3463076318
2561,134011.40480039112
2562,124847.79082647378
2563,149911.68480576825
2564,179145.29139800128
2565,143987.12351459084
2566,167227.7652631686
2567,128908.20178036428
2568,190461.534322878
2569,188629.06432729153
2570,121815.33848665694
2571,198617.07284667794
2572,165022.94043384196
2573,215881.2656270066
2574,281339.9019515262
2575,120037.20058175267
2576,132834.68664224158
2577,147578.3023719657
2578,80123.04293844587
2579,69869.59186574953
2580,117131.38412805834
2581,119097.1599388948
2582,121424.40043508954
2583,271028.46910888824
2584,164429.44415480763
2585,183593.14956616395
2586,212704.26218926013
2587,194730.66027912367
2588,133439.9705297799
2589,151944.33061161678
2590,213315.20422548184
2591,211688.93932223477
2592,232794.93834615443
2593,262382.64517008263
2594,175408.1939943481
2595,200416.43335322454
2596,341817.0609723763
2597,198604.89655918
2598,274060.72820449044
2599,317695.33551408356
2600,171607.00859541856
2601,170571.1997478019
2602,81508.59567731713
2603,97915.70781711304
2604,87907.26103673788
2605,74756.44888062686
2606,153635.8392529447
2607,196582.97926072174
2608,191676.04061870658
2609,165202.00368226503
2610,114573.60640041536
2611,145076.71920396734
2612,152716.06163886038
2613,133982.97792079096
2614,128132.71034691214
2615,154791.18865679076
2616,137521.47558611384
2617,194540.2759203471
2618,187806.87665569384
2619,195137.20406636293
2620,180307.81153620637
2621,181732.69287458697
2622,187576.44847441174
2623,247540.70415579033
2624,316556.0959295797
2625,345589.45410346857
2626,173671.54351197774
2627,159625.21288224915
2628,441038.6627123906
2629,583786.948071967
2630,354062.41567263874
2631,435167.50555494835
2632,437967.2034750589
2633,302483.0003519638
2634,417801.290420182
2635,162717.38592861735
2636,177016.74855791032
2637,164378.11137743937
2638,258370.20793101774
2639,191792.66248575502
2640,155225.61455511203
2641,99396.68870250999
2642,215436.99337245498
2643,99998.45698197212
2644,120518.58120208934
2645,101037.9842972342
2646,93716.59139491059
2647,100946.45514958736
2648,138453.46326127683
2649,149723.93307557926
2650,137712.7798732069
2651,143712.45010449746
2652,406776.69183304737
2653,250379.5588908664
2654,243176.92524200838
2655,391679.277693272
2656,317013.73043175525
2657,333936.2115123761
2658,291912.98686974414
2659,305634.13840757124
2660,364627.81901667255
2661,346717.7942068243
2662,348031.3092295535
2663,285023.3758113981
2664,268569.6244872369
2665,330263.63341701793
2666,274957.6780036054
2667,168782.0431052785
2668,182629.11583822177
2669,185457.435947983
2670,285784.02689886774
2671,182976.71629271036
2672,191546.70588050573
2673,209158.5780993095
2674,199455.78114731112
2675,160680.6987425675
2676,183777.4558250849
2677,200205.35799413684
2678,260857.09366788046
2679,281757.50338243705
2680,266942.7602896717
2681,386008.10169345775
2682,319972.7006298609
2683,575436.7166724452
2684,302724.4971673309
2685,331630.9766549817
2686,262940.83026133024
2687,338173.73469126347
2688,222316.91511265037
2689,201542.8125862558
2690,496255.0281968424
2691,197339.38730751094
2692,144077.06343873634
2693,197632.2362197393
2694,144247.95351709152
2695,192804.20272316536
2696,181741.80615849557
2697,202030.68536336662
2698,190814.27678620254
2699,181321.58147779197
2700,160169.20507881773
2701,167865.48089622078
2702,121205.85479405534
2703,132934.07011564326
2704,139966.16094898892
2705,121941.37440579357
2706,118020.02455846286
2707,127275.29434687285
2708,134567.53734908524
2709,111381.4868640666
2710,131708.75876452617
2711,261840.81570221437
2712,360754.14375042217
2713,168462.7939209031
2714,153526.05622195677
2715,170228.14271416946
2716,158091.88126781085
2717,181219.93788523064
2718,226458.89624390047
2719,156966.05014936428
2720,172971.1758003019
2721,133399.96111669793
2722,152236.02909866706
2723,140471.36700677944
2724,124283.89753011038
2725,132179.4817210831
2726,148291.35164315396
2727,168596.21103269525
2728,163753.27288568887
2729,153155.84401069643
2730,145321.6962015898
2731,127613.7091625716
2732,130262.39492405643
2733,159698.0907458137
2734,144387.11873513478
2735,127663.54723633415
2736,146665.92214533093
2737,127490.41048474664
2738,134918.57000006284
2739,160653.33746376788
2740,138338.3492230893
2741,147045.44386756164
2742,155433.7193580702
2743,148548.68992492734
2744,146064.89035189743
2745,132835.78997114216
2746,138859.4578127224
2747,153998.92791423484
2748,140000.4389503377
2749,133213.22819011682
2750,138051.2082920897
2751,137762.6171796077
2752,199983.23284701083
2753,142278.5212559028
2754,243325.6165700008
2755,140273.31318407253
2756,88124.73880895114
2757,68961.19714142692
2758,89943.63541418656
2759,150595.91858751499
2760,116464.14058247185
2761,138990.9876576746
2762,133745.58428766034
2763,182039.48730340722
2764,164070.3556157448
2765,280371.79187979986
2766,134916.95964428355
2767,90162.71312666811
2768,129886.53338315469
2769,132083.28318775073
2770,143896.0654863407
2771,120078.15700879593
2772,113808.27631384105
2773,165342.2769000969
2774,133978.28275878282
2775,124442.18119088036
2776,135860.1014246172
2777,136727.03438376702
2778,102000.42586658963
2779,125377.04262296563
2780,89926.94742501715
2781,99152.34916554432
2782,92229.1919087711
2783,102956.20279199997
2784,121690.3442462986
2785,127521.35479787833
2786,78976.6473394458
2787,119611.44632781061
2788,74937.98917146129
2789,186371.00464334508
2790,99178.19574198218
2791,115951.2683169245
2792,51180.96286978118
2793,199670.92569872807
2794,98938.28953352991
2795,118458.86589548526
2796,97862.86153018303
2797,200447.49212559348
2798,94474.15847342394
2799,133759.0197375572
2800,59805.0140456309
2801,110388.27502616448
2802,131397.5252672141
2803,164247.77094767048
2804,136648.75878355216
2805,103831.75962045963
2806,85397.14886831088
2807,168890.89907882194
2808,152294.4856368988
2809,135869.6322848663
2810,129331.03245077237
2811,160873.32807355694
2812,151076.12548288546
2813,170798.615184667
2814,165112.9880861109
2815,106393.11860087166
2816,229521.76852541947
2817,156516.29071976652
2818,131452.26706318013
2819,160272.4773573471
2820,143297.9176745589
2821,118655.2286233979
2822,204232.59201873228
2823,316949.444696663
2824,172436.38428999175
2825,155540.08244645604
2826,127675.27990739519
2827,132318.9444775912
2828,241933.67791701716
2829,207866.93460708283
2830,225762.64795102962
2831,184304.06695927802
2832,264631.7850391004
2833,303446.17478264624
2834,219467.24603935055
2835,211881.67978640905
2836,195624.5441045849
2837,156720.82028960294
2838,143405.52545194185
2839,180955.08272784195
2840,210719.72604177345
2841,198994.19088495968
2842,224214.5806358042
2843,140236.48841448483
2844,149358.28024053603
2845,125091.44738054744
2846,204359.54758322213
2847,198311.34504630705
2848,208294.91213063308
2849,201619.8776247468
2850,279856.365390886
2851,232010.24514771032
2852,217891.68473746063
2853,235087.2790631197
2854,143217.1749839124
2855,203513.03880441224
2856,210163.55868161668
2857,187034.493416566
2858,208361.67450096953
2859,131014.96421745623
2860,115972.74805393128
2861,130916.7906178647
2862,201095.21255479418
2863,132798.34046898596
2864,263745.3293712653
2865,145984.25977425202
2866,139560.3880857703
2867,91227.96256625371
2868,104663.96992805622
2869,107762.19908018832
2870,133822.08250164049
2871,81855.24986010743
2872,42539.86466614273
2873,106590.89000456623
2874,132728.22168653316
2875,121104.60095234419
2876,160604.15889766475
2877,140229.63558251277
2878,157292.57102757032
2879,136528.85459771485
2880,104411.8405736702
2881,148236.89282055155
2882,173211.96664662458
2883,184804.40555124212
2884,195796.2682678492
2885,192226.07280774417
2886,220719.53269093207
2887,92993.6984664493
2888,129155.98182738041
2889,55838.53764021474
2890,79258.52874806969
2891,124474.0490265686
2892,42181.18595132154
2893,94131.8413154086
2894,37302.577073575194
2895,313536.2804567023
2896,274385.6970735885
2897,194772.22473718564
2898,144309.83092025772
2899,212629.07489865398
2900,159454.78180724065
2901,199525.76162760617
2902,205004.7028220174
2903,363105.1252980991
2904,352323.65451563103
2905,99207.68662424543
2906,199967.13571850563
2907,104158.50358461379
2908,130306.29164113234
2909,147331.79988211888
2910,83235.52573587585
2911,79385.890297816
2912,139121.46545875398
2913,85113.81613925616
2914,77657.62641524636
2915,81415.45938022256
2916,81762.51986842352
2917,163019.68295252183
2918,127311.50953220026
2919,221168.51418168747
